DEFAULT
messageGroups = [[],[],[],[],[], [8, 8], [12, 11], [15, 15], [19, 19], [20, 20], [25, 23]]

CHARACTERS ONLY
messageGroups = [[],[],[],[],[], [9, 9], [12, 11], [16, 16], [20, 20], [24, 24], [27, 27], [33, 32], [36, 36], [40, 39], [44, 44], [47, 47]]

SPECIAL CHARACTERS
messageGroups = [[],[],[],[],[], [7, 6], [10, 9], [14, 13], [17, 16], [20, 19], [23, 22], [25, 25], [29, 29], [33, 32], [36, 35], [39, 38]]

LETTERS
messageGroups = [[],[],[],[],[], [8, 8], [14, 13], [17, 16], [21, 20], [26, 25], [29, 28], [34, 34], [37, 37], [42, 42], [46, 45], [49, 49]]

NUMBERS
messageGroups = [[],[],[],[],[], [7, 6], [9, 9], [11, 11], [15, 15], [18, 17], [20, 19], [23, 22], [25, 25], [28, 27], [30, 30], [33, 33]]

CODE TO RUN
Generation.do_all(Generation, min, max, False, 1)